   100.0000     5.0000    71.9800
   100.000    10.000    50.780
   100.000    15.000    42.180
   100.000    20.000    40.440
   100.000    25.000    41.760
   100.000    30.000    43.560
   100.000    35.000    43.760
   100.000    40.000    45.380
   120.0000     5.0000    73.0400
   120.000    10.000    50.700
   120.000    15.000    41.820
   120.000    20.000    39.100
   120.000    25.000    40.120
   120.000    30.000    41.860
   120.000    35.000    43.560
   120.000    40.000    44.800
   140.0000     5.0000    72.0400
   140.000    10.000    49.280
   140.000    15.000    40.640
   140.000    20.000    38.300
   140.000    25.000    39.800
   140.000    30.000    40.640
   140.000    35.000    42.020
   140.000    40.000    43.540
   160.0000     5.0000    73.5200
   160.000    10.000    48.040
   160.000    15.000    39.900
   160.000    20.000    37.780
   160.000    25.000    39.040
   160.000    30.000    40.600
   160.000    35.000    42.520
   160.000    40.000    43.400
   180.0000     5.0000    73.5600
   180.000    10.000    47.860
   180.000    15.000    40.400
   180.000    20.000    37.880
   180.000    25.000    38.920
   180.000    30.000    40.460
   180    35    41
   180.000    40.000    41.860
   200.0000     5.0000    74.3200
   200.000    10.000    47.700
   200.000    15.000    39.460
   200.000    20.000    37.640
   200.000    25.000    38.720
   200.000    30.000    40.300
   200.000    35.000    41.160
   200.000    40.000    41.280

