   30.0000    5.0000   76.4600
   30.000   10.000   58.700
   30.000   15.000   50.980
   30.000   20.000   48.220
   30.000   25.000   47.320
   30.000   30.000   45.240
   35.0000    5.0000   75.5800
   35.000   10.000   56.240
   35.000   15.000   49.220
   35.000   20.000   47.400
   35.000   25.000   46.900
   35.000   30.000   46.360
   40.0000    5.0000   74.8600
   40.000   10.000   55.180
   40.000   15.000   47.060
   40.000   20.000   45.740
   40.000   25.000   46.240
   40.000   30.000   45.920
   45.0000    5.0000   71.7400
   45.000   10.000   54.100
   45.000   15.000   45.640
   45.000   20.000   44.320
   45.000   25.000   44.040
   45.000   30.000   44.660
   50.0000    5.0000   72.1600
   50.000   10.000   52.860
   50.000   15.000   45.360
   50.000   20.000   43.720
   50.000   25.000   43.960
   50.000   30.000   44.220
   55.0000    5.0000   72.2600
   55.000   10.000   52.800
   55.000   15.000   44.800
   55.000   20.000   42.680
   55.000   25.000   43.220
   55.000   30.000   45.520
   60.0000    5.0000   71.9200
   60.000   10.000   52.820
   60.000   15.000   44.940
   60.000   20.000   42.480
   60.000   25.000   43.520
   60   30   44

