   200.0000     5.0000    74.3200
   200.000    10.000    47.700
   200.000    15.000    39.460
   200.000    20.000    37.640
   200.000    25.000    38.720
   200.000    30.000    40.300
   200.000    35.000    41.160
   200.000    40.000    41.280
   250.0000     5.0000    74.4800
   250.000    10.000    47.940
   250.000    15.000    39.200
   250.000    20.000    37.220
   250.000    25.000    37.800
   250.000    30.000    39.740
   250.000    35.000    40.800
   250.000    40.000    40.660
   300.0000     5.0000    74.2000
   300.000    10.000    47.540
   300.000    15.000    38.920
   300.000    20.000    36.640
   300.000    25.000    38.160
   300.000    30.000    38.540
   300.000    35.000    38.760
   300.000    40.000    38.880
   350.0000     5.0000    75.1400
   350.000    10.000    47.100
   350    15    39
   350.000    20.000    36.500
   350.000    25.000    37.120
   350.000    30.000    37.820
   350.000    35.000    38.220
   350.000    40.000    38.840
   400.0000     5.0000    74.8400
   400.000    10.000    48.060
   400.000    15.000    39.020
   400.000    20.000    36.320
   400.000    25.000    37.300
   400.000    30.000    37.580
   400.000    35.000    38.100
   400.000    40.000    38.680
   450.0000     5.0000    73.3600
   450.000    10.000    48.080
   450.000    15.000    39.240
   450.000    20.000    36.100
   450.000    25.000    37.340
   450.000    30.000    37.040
   450.000    35.000    37.580
   450.000    40.000    37.880
   500.0000     5.0000    74.3200
   500.000    10.000    48.760
   500.000    15.000    38.460
   500.000    20.000    36.220
   500.000    25.000    37.280
   500.000    30.000    37.560
   500.000    35.000    37.820
   550.000    10.000    48.260
   550.000    15.000    38.840
   550.000    20.000    35.640
   550.000    25.000    36.460
   550.000    30.000    36.980
   550.000    35.000    37.580
   550.000    40.000    37.960
   600.000    10.000    48.180
   600.000    15.000    38.620
   600.000    20.000    36.080
   600.000    25.000    36.740
   600.000    30.000    37.360
   600.000    35.000    37.480
   600.000    40.000    38.040
   650.000    10.000    48.380
   650.000    15.000    39.220
   650.000    20.000    36.180
   650.000    25.000    36.940
   650.000    30.000    37.220
   650.000    35.000    37.300
   650.000    40.000    38.600


